000578
004227
000442
004791
004378
009612
002862
006906
003878
008650
004725
008131
000539
001271
003601
000957
007251
007137
008259
003590
007689
009190
002301
000691
005226
008537
004154
003715
005442
004219
001921
000548
006422
005671
001456
003967
004927
002399
005635
000226
004480
009677
006099
006493
005994
001602
008828
005117
000687
000573
009899
008593
007906
000975
002729
000856
001193
006003
002118
005623
001307
008954
005148
000939
009844
009602
004449
007700
001925
007287
008528
006092
007268
009806
007652
003942
009219
006662
009415
004762
004068
005724
006401
002904
003264
001986
003693
001437
005801
002654
000167
001808
008827
000744
008181
003514
007842
000542
009077
006669
005931
009118
005698
006194
000097
006863
009606
009653
001180
009669
008046
001183
007641
000377
000043
008711
006040
000507
007176
009376
007328
008724
001626
006454
008857
005322
006834
007861
009430
008583
000631
003686
001652
003906
006895
001914
009033
005353
009901
006010
003819
008407
005194
005309
000445
004765
001569
008707
006546
009172
008795
008050
003610
001975
002996
009023
003884
003221
006861
001552
002705
000586
006577
008265
005886
003903
003649
006815
001489
004678
009198
005152
005847
005493
008963
000178
006746
001826
004478
006964
009815
008984
000969
008134
002449
009635
001340
004730
003880
006518
001416
007839
006147
006397
007494
007903
002768
007406
004506
000390
009741
006354
001379
004472
006182
006961
008245
002292
000527
001407
006984
007828
002035
009927
006721
007119
006693
009183
009662
001401
009471
005555
007360
006500
003643
005205
007532
000183
008765
003977
000144
008579
000784
006193
001054
008925
008560
008599
006594
008551
004900
000108
004074
005207
005594
006378
008792
004485
004726
002205
001276
007053
000357
005957
008818
004112
009645
005498
004764
004440
008340
007199
009574
003770
009853
001037
006831
005955
003332
003968
005809
007583
000990
002753
005044
003964
009782
008347
004139
006359
007485
003148
001022
001035
007875
001947
007598
007567
000502
006457
004400
001163
000693
007741
001238
008649
008183
001261
006152
002327
001025
008104
002447
004569
001658
008039
004297
001329
003882
001322
003742
004119
002297
002620
002663
002087
003123
007684
008120
006132
004637
004408
003115
007569
007957
001217
009769
006142
007005
001851
009274
005745
001370
007262
001629
007255
007617
000506
009941
007917
005477
004213
